{
 "cells": [
  {
   "cell_type": "code",
   "execution_count": 80,
   "metadata": {},
   "outputs": [],
   "source": [
    "import numpy as np\n",
    "import matplotlib.pyplot as plt\n",
    "from scipy import stats\n",
    "from pathlib import Path\n",
    "import pandas as pd"
   ]
  },
  {
   "cell_type": "code",
   "execution_count": 113,
   "metadata": {},
   "outputs": [],
   "source": [
    "path = Path.home().joinpath(\"diaz_rincon/VTA_SNc\")\n",
    "folder_path = \"deconvoluted\""
   ]
  },
  {
   "cell_type": "code",
   "execution_count": 114,
   "metadata": {},
   "outputs": [
    {
     "data": {
      "text/plain": [
       "[PosixPath('/home/ic3/diaz_rincon/VTA_SNc/deconvoluted/gc_ephys016_03_04_vta_injected_deconv.npy'),\n",
       " PosixPath('/home/ic3/diaz_rincon/VTA_SNc/deconvoluted/gc_ephys029_03_07_snc_control_deconv.npy'),\n",
       " PosixPath('/home/ic3/diaz_rincon/VTA_SNc/deconvoluted/gc_ephys017_03_04_snc_injected_deconv.npy'),\n",
       " PosixPath('/home/ic3/diaz_rincon/VTA_SNc/deconvoluted/gc_ephys018_03_04_snc_injected_deconv.npy'),\n",
       " PosixPath('/home/ic3/diaz_rincon/VTA_SNc/deconvoluted/gc_ephys030_03_07_snc_injected_deconv.npy'),\n",
       " PosixPath('/home/ic3/diaz_rincon/VTA_SNc/deconvoluted/gc_ephys005_03_02_snc_injected_deconv.npy'),\n",
       " PosixPath('/home/ic3/diaz_rincon/VTA_SNc/deconvoluted/gc_ephys018_03_05_snc_control_deconv.npy'),\n",
       " PosixPath('/home/ic3/diaz_rincon/VTA_SNc/deconvoluted/gc_ephys003_03_02_vta_control_deconv.npy'),\n",
       " PosixPath('/home/ic3/diaz_rincon/VTA_SNc/deconvoluted/gc_ephys006_03_05_snc_injected_deconv.npy'),\n",
       " PosixPath('/home/ic3/diaz_rincon/VTA_SNc/deconvoluted/gc_ephys021_03_06_vta_control_deconv.npy'),\n",
       " PosixPath('/home/ic3/diaz_rincon/VTA_SNc/deconvoluted/gc_ephys010_03_02_snc_control_deconv.npy'),\n",
       " PosixPath('/home/ic3/diaz_rincon/VTA_SNc/deconvoluted/gc_ephys002_03_07_vta_control_deconv.npy'),\n",
       " PosixPath('/home/ic3/diaz_rincon/VTA_SNc/deconvoluted/gc_ephys03_06_vta_control_deconv.npy'),\n",
       " PosixPath('/home/ic3/diaz_rincon/VTA_SNc/deconvoluted/gc_ephys026_03_07_snc_injected_deconv.npy'),\n",
       " PosixPath('/home/ic3/diaz_rincon/VTA_SNc/deconvoluted/gc_ephys001_03_04_snc_injected_deconv.npy'),\n",
       " PosixPath('/home/ic3/diaz_rincon/VTA_SNc/deconvoluted/gc_ephys013_03_04_snc_injected_deconv.npy'),\n",
       " PosixPath('/home/ic3/diaz_rincon/VTA_SNc/deconvoluted/gc_ephys003_03_04_snc_injected_deconv.npy'),\n",
       " PosixPath('/home/ic3/diaz_rincon/VTA_SNc/deconvoluted/gc_ephys004_03_02_snc_injected_deconv.npy'),\n",
       " PosixPath('/home/ic3/diaz_rincon/VTA_SNc/deconvoluted/gc_ephys_03_07_vta_injected_deconv.npy'),\n",
       " PosixPath('/home/ic3/diaz_rincon/VTA_SNc/deconvoluted/gc_ephys017_03_05_snc_control_deconv.npy'),\n",
       " PosixPath('/home/ic3/diaz_rincon/VTA_SNc/deconvoluted/gc_ephys028_03_07_vta_injected_deconv.npy'),\n",
       " PosixPath('/home/ic3/diaz_rincon/VTA_SNc/deconvoluted/gc_ephys027_03_07_vta_injected_deconv.npy'),\n",
       " PosixPath('/home/ic3/diaz_rincon/VTA_SNc/deconvoluted/gc_ephys007_03_05_vta_injected_deconv.npy'),\n",
       " PosixPath('/home/ic3/diaz_rincon/VTA_SNc/deconvoluted/gc_ephys020_03_06_snc_injected_deconv.npy'),\n",
       " PosixPath('/home/ic3/diaz_rincon/VTA_SNc/deconvoluted/gc_ephys001_03_07_snc_control_deconv.npy'),\n",
       " PosixPath('/home/ic3/diaz_rincon/VTA_SNc/deconvoluted/gc_ephys002_03_02_snc_control_deconv.npy'),\n",
       " PosixPath('/home/ic3/diaz_rincon/VTA_SNc/deconvoluted/gc_ephys009_03_02_snc_injected_deconv.npy'),\n",
       " PosixPath('/home/ic3/diaz_rincon/VTA_SNc/deconvoluted/gc_ephys031_03_07_vta_injected_deconv.npy'),\n",
       " PosixPath('/home/ic3/diaz_rincon/VTA_SNc/deconvoluted/gc_ephys004_03_04_snc_injected_deconv.npy'),\n",
       " PosixPath('/home/ic3/diaz_rincon/VTA_SNc/deconvoluted/gc_ephys005_03_05_snc_injected_deconv.npy'),\n",
       " PosixPath('/home/ic3/diaz_rincon/VTA_SNc/deconvoluted/gc_ephys019_03_05_snc_control_deconv.npy'),\n",
       " PosixPath('/home/ic3/diaz_rincon/VTA_SNc/deconvoluted/gc_ephys002_03_04_snc_injected_deconv.npy'),\n",
       " PosixPath('/home/ic3/diaz_rincon/VTA_SNc/deconvoluted/gc_ephys032_03_07_snc_injected_deconv.npy'),\n",
       " PosixPath('/home/ic3/diaz_rincon/VTA_SNc/deconvoluted/gc_ephys001_03_02_snc_control_deconv.npy')]"
      ]
     },
     "execution_count": 114,
     "metadata": {},
     "output_type": "execute_result"
    }
   ],
   "source": [
    "traces_path = list(Path(path).joinpath(folder_path).iterdir())\n",
    "traces_path"
   ]
  },
  {
   "attachments": {},
   "cell_type": "markdown",
   "metadata": {},
   "source": [
    "Creating traces dictionary"
   ]
  },
  {
   "cell_type": "code",
   "execution_count": 115,
   "metadata": {},
   "outputs": [],
   "source": [
    "traces = {}\n",
    "for iter, file_name in enumerate(traces_path):\n",
    "    traces[iter] = np.load(file_name, allow_pickle=True)    "
   ]
  },
  {
   "attachments": {},
   "cell_type": "markdown",
   "metadata": {},
   "source": [
    "Each key corresponds to a video"
   ]
  },
  {
   "cell_type": "code",
   "execution_count": 116,
   "metadata": {},
   "outputs": [
    {
     "data": {
      "text/plain": [
       "dict_keys([0, 1, 2, 3, 4, 5, 6, 7, 8, 9, 10, 11, 12, 13, 14, 15, 16, 17, 18, 19, 20, 21, 22, 23, 24, 25, 26, 27, 28, 29, 30, 31, 32, 33])"
      ]
     },
     "execution_count": 116,
     "metadata": {},
     "output_type": "execute_result"
    }
   ],
   "source": [
    "traces.keys()"
   ]
  },
  {
   "attachments": {},
   "cell_type": "markdown",
   "metadata": {},
   "source": [
    "Every video has a different number of cells and number of frames"
   ]
  },
  {
   "cell_type": "code",
   "execution_count": 117,
   "metadata": {},
   "outputs": [
    {
     "name": "stdout",
     "output_type": "stream",
     "text": [
      "(10, 750)\n",
      "(13, 2250)\n",
      "(21, 2250)\n",
      "(21, 2250)\n",
      "(34, 2250)\n",
      "(28, 2250)\n",
      "(37, 2250)\n",
      "(27, 2250)\n",
      "(20, 2250)\n",
      "(49, 2250)\n",
      "(19, 1019)\n",
      "(42, 2250)\n",
      "(31, 2250)\n",
      "(67, 2250)\n",
      "(10, 750)\n",
      "(23, 2250)\n",
      "(27, 2250)\n",
      "(37, 2764)\n",
      "(28, 2250)\n",
      "(49, 2250)\n",
      "(31, 2250)\n",
      "(27, 2250)\n",
      "(39, 2250)\n",
      "(55, 2250)\n",
      "(38, 2250)\n",
      "(34, 2250)\n",
      "(51, 2250)\n",
      "(25, 2250)\n",
      "(16, 2249)\n",
      "(43, 2250)\n",
      "(32, 2250)\n",
      "(28, 2250)\n",
      "(17, 3000)\n",
      "(24, 2250)\n"
     ]
    }
   ],
   "source": [
    "for i in range(len(traces)):\n",
    "    print(traces[i].shape)"
   ]
  },
  {
   "attachments": {},
   "cell_type": "markdown",
   "metadata": {},
   "source": [
    "Creating groups (vta_injected, snc_injected, vta_control, snc_control)"
   ]
  },
  {
   "cell_type": "code",
   "execution_count": 118,
   "metadata": {},
   "outputs": [],
   "source": [
    "vta_injected = []\n",
    "snc_injected = []\n",
    "vta_control = []\n",
    "snc_control = []\n",
    "\n",
    "for iter, file_name in enumerate(traces_path):\n",
    "    if folder_path == \"traces\":\n",
    "        if \"vta_injected\" in str(file_name):\n",
    "            vta_injected.append(iter)\n",
    "        if \"snc_injected\" in str(file_name):\n",
    "            snc_injected.append(iter)\n",
    "        if \"vta_control\" in str(file_name):\n",
    "            vta_control.append(iter)\n",
    "        if \"snc_control\" in str(file_name):\n",
    "            snc_control.append(iter)\n",
    "    else:\n",
    "        if \"vta_injected_deconv\" in str(file_name):\n",
    "            vta_injected.append(iter)\n",
    "        if \"snc_injected_deconv\" in str(file_name):\n",
    "            snc_injected.append(iter)\n",
    "        if \"vta_control_deconv\" in str(file_name):\n",
    "            vta_control.append(iter)\n",
    "        if \"snc_control_deconv\" in str(file_name):\n",
    "            snc_control.append(iter)"
   ]
  },
  {
   "attachments": {},
   "cell_type": "markdown",
   "metadata": {},
   "source": [
    "Control groups"
   ]
  },
  {
   "cell_type": "code",
   "execution_count": 119,
   "metadata": {},
   "outputs": [
    {
     "data": {
      "text/plain": [
       "([0, 18, 20, 21, 22, 27], [7, 9, 11, 12])"
      ]
     },
     "execution_count": 119,
     "metadata": {},
     "output_type": "execute_result"
    }
   ],
   "source": [
    "vta_injected, vta_control"
   ]
  },
  {
   "attachments": {},
   "cell_type": "markdown",
   "metadata": {},
   "source": [
    "Injected groups"
   ]
  },
  {
   "cell_type": "code",
   "execution_count": 120,
   "metadata": {},
   "outputs": [
    {
     "data": {
      "text/plain": [
       "([1, 6, 10, 19, 24, 25, 30, 33],\n",
       " [2, 3, 4, 5, 8, 13, 14, 15, 16, 17, 23, 26, 28, 29, 31, 32])"
      ]
     },
     "execution_count": 120,
     "metadata": {},
     "output_type": "execute_result"
    }
   ],
   "source": [
    "snc_control, snc_injected"
   ]
  },
  {
   "attachments": {},
   "cell_type": "markdown",
   "metadata": {},
   "source": [
    "Some numbers"
   ]
  },
  {
   "cell_type": "code",
   "execution_count": 121,
   "metadata": {},
   "outputs": [
    {
     "name": "stdout",
     "output_type": "stream",
     "text": [
      "There are:\n",
      "4 videos with normal quantities of αS in VTA\n",
      "6 videos with over expression of αS in VTA\n",
      "8 videos with normal quantities of αS in SNc\n",
      "16 videos with over expression of αS in SNc\n"
     ]
    }
   ],
   "source": [
    "print(f\"There are:\")\n",
    "print(f\"{len(vta_control)} videos with normal quantities of αS in VTA\")\n",
    "print(f\"{len(vta_injected)} videos with over expression of αS in VTA\")\n",
    "print(f\"{len(snc_control)} videos with normal quantities of αS in SNc\")\n",
    "print(f\"{len(snc_injected)} videos with over expression of αS in SNc\")"
   ]
  },
  {
   "attachments": {},
   "cell_type": "markdown",
   "metadata": {},
   "source": [
    "## Plotting Cells"
   ]
  },
  {
   "cell_type": "code",
   "execution_count": 122,
   "metadata": {},
   "outputs": [],
   "source": [
    "# for i in range(len(traces)):\n",
    "#     frames_per_second = 25\n",
    "#     num_cells = traces[i].shape[0]\n",
    "#     samples = traces[i].shape[1]\n",
    "#     duration = samples / frames_per_second\n",
    "#     time = np.arange(start = 0, stop=int(duration), step=1/frames_per_second)\n",
    "    \n",
    "#     # Plot the traces\n",
    "#     fig, axs = plt.subplots(num_cells, figsize=(20, 40))\n",
    "#     for cell_num in range(num_cells):\n",
    "#         axs[cell_num].autoscale(enable=None, axis=\"x\", tight=True)\n",
    "#         # axs[cell_num].set_ylabel(f\"ROI {cell_num}\", rotation=0)\n",
    "#         axs[cell_num].title.set_text(f'ROI {cell_num + 1}')\n",
    "#         # axs[cell_num].set_xlabel(\"Time\")\n",
    "#         axs[cell_num].plot(time,traces[i][cell_num, 0:len(time)])"
   ]
  },
  {
   "attachments": {},
   "cell_type": "markdown",
   "metadata": {},
   "source": [
    "Calculating Spearman's Rho between all activity of cells per video and extracting p-value for each correlation"
   ]
  },
  {
   "cell_type": "code",
   "execution_count": 123,
   "metadata": {},
   "outputs": [],
   "source": [
    "corrs = {}\n",
    "pvals = {}\n",
    "# Correlation coefficients\n",
    "for i in range(len(traces)):\n",
    "    corrs[i], pvals[i] = stats.spearmanr(np.transpose(traces[i]))"
   ]
  },
  {
   "cell_type": "code",
   "execution_count": 124,
   "metadata": {},
   "outputs": [
    {
     "data": {
      "text/plain": [
       "dict_keys([0, 1, 2, 3, 4, 5, 6, 7, 8, 9, 10, 11, 12, 13, 14, 15, 16, 17, 18, 19, 20, 21, 22, 23, 24, 25, 26, 27, 28, 29, 30, 31, 32, 33])"
      ]
     },
     "execution_count": 124,
     "metadata": {},
     "output_type": "execute_result"
    }
   ],
   "source": [
    "corrs.keys()"
   ]
  },
  {
   "cell_type": "code",
   "execution_count": 125,
   "metadata": {},
   "outputs": [
    {
     "data": {
      "text/plain": [
       "array([[ 1.00000000e+00, -2.22887965e-02,  1.93455277e-02,\n",
       "         3.93913240e-02, -2.12294019e-03,  2.01075909e-02,\n",
       "         1.82203130e-02,  3.27463690e-02, -1.09910160e-02,\n",
       "         8.14256427e-03,  2.97956951e-02, -5.00018494e-02,\n",
       "         5.39983077e-02,  3.77069948e-02,  4.73690821e-02,\n",
       "        -1.19951274e-02, -1.11024687e-02,  3.51067264e-03,\n",
       "        -1.63178895e-02, -3.73300642e-02, -4.58347677e-02],\n",
       "       [-2.22887965e-02,  1.00000000e+00,  2.02799671e-03,\n",
       "        -1.06113887e-02,  1.66489977e-04,  5.56827628e-02,\n",
       "        -1.32234691e-02,  1.21891806e-02,  1.25647101e-02,\n",
       "        -1.23879583e-02,  1.73062475e-02, -3.85408889e-02,\n",
       "         3.76745733e-02, -3.42710444e-02,  6.91384462e-03,\n",
       "        -6.56447508e-03,  3.39211913e-02,  2.29947893e-02,\n",
       "        -1.69583051e-02,  5.20341440e-02, -6.97106529e-02],\n",
       "       [ 1.93455277e-02,  2.02799671e-03,  1.00000000e+00,\n",
       "         7.16933336e-02,  3.60593215e-02,  3.77487379e-02,\n",
       "        -1.49315335e-02,  3.76627673e-02,  5.87096737e-02,\n",
       "         7.60866486e-03,  3.71787630e-02,  9.09645557e-03,\n",
       "         5.12008416e-02,  5.41087855e-02,  2.46952036e-02,\n",
       "         2.44473627e-02, -1.53312614e-02,  1.03206047e-02,\n",
       "        -9.72419716e-03,  8.05036743e-02,  3.33210112e-02],\n",
       "       [ 3.93913240e-02, -1.06113887e-02,  7.16933336e-02,\n",
       "         1.00000000e+00,  1.22323546e-02,  3.90865814e-02,\n",
       "         6.05328110e-02,  3.57635329e-02,  4.01391933e-02,\n",
       "         1.43949187e-02, -3.98680096e-02, -1.37184667e-02,\n",
       "         1.82912069e-02,  1.25534202e-01,  1.04285439e-01,\n",
       "         3.53833861e-02, -1.11423948e-02,  2.94965563e-02,\n",
       "        -7.57976795e-03,  7.31082422e-02,  4.68190858e-02],\n",
       "       [-2.12294019e-03,  1.66489977e-04,  3.60593215e-02,\n",
       "         1.22323546e-02,  1.00000000e+00,  2.25608610e-02,\n",
       "         9.24208899e-02,  1.10143061e-01,  3.42289440e-02,\n",
       "         3.61096662e-02,  5.12649237e-02,  2.16533313e-02,\n",
       "         3.71493069e-02,  1.28578732e-01,  4.46937047e-02,\n",
       "         4.63557708e-02, -1.20835249e-02,  6.15134655e-02,\n",
       "        -1.09615915e-02,  1.48836310e-01,  1.17072222e-02],\n",
       "       [ 2.01075909e-02,  5.56827628e-02,  3.77487379e-02,\n",
       "         3.90865814e-02,  2.25608610e-02,  1.00000000e+00,\n",
       "         4.12704249e-03, -2.76956277e-02,  1.88302514e-02,\n",
       "         2.82104941e-02,  5.36050840e-02, -5.72559024e-02,\n",
       "         3.34255465e-02, -2.31919768e-02,  4.11880199e-02,\n",
       "        -2.77167286e-02, -9.49633216e-03,  3.59254859e-02,\n",
       "        -2.63809688e-02,  3.24919615e-02, -2.81814256e-02],\n",
       "       [ 1.82203130e-02, -1.32234691e-02, -1.49315335e-02,\n",
       "         6.05328110e-02,  9.24208899e-02,  4.12704249e-03,\n",
       "         1.00000000e+00,  3.68346036e-02, -4.91055391e-03,\n",
       "         7.27088492e-02,  8.31149670e-03,  3.37070607e-02,\n",
       "         4.32725233e-02,  1.51639466e-01,  9.18757576e-02,\n",
       "         3.92996893e-02,  2.98653533e-02,  3.21222749e-02,\n",
       "        -6.45934335e-02,  8.93499799e-02,  4.81401029e-02],\n",
       "       [ 3.27463690e-02,  1.21891806e-02,  3.76627673e-02,\n",
       "         3.57635329e-02,  1.10143061e-01, -2.76956277e-02,\n",
       "         3.68346036e-02,  1.00000000e+00,  6.06596176e-02,\n",
       "         4.46859211e-02,  6.56048732e-02,  7.17005823e-02,\n",
       "         5.28055124e-02,  1.43976857e-01,  1.29877350e-01,\n",
       "        -1.37979835e-02,  4.02322873e-02,  1.30287949e-02,\n",
       "        -4.84552931e-03,  1.27595551e-01,  5.68528861e-02],\n",
       "       [-1.09910160e-02,  1.25647101e-02,  5.87096737e-02,\n",
       "         4.01391933e-02,  3.42289440e-02,  1.88302514e-02,\n",
       "        -4.91055391e-03,  6.06596176e-02,  1.00000000e+00,\n",
       "         6.21006976e-02,  4.34218862e-02, -1.89371769e-02,\n",
       "         9.18434830e-02,  1.26265854e-01,  2.18200089e-02,\n",
       "        -1.12425479e-02,  1.28034128e-02,  3.35733421e-02,\n",
       "        -1.56660731e-02,  8.09296249e-02,  5.62380586e-02],\n",
       "       [ 8.14256427e-03, -1.23879583e-02,  7.60866486e-03,\n",
       "         1.43949187e-02,  3.61096662e-02,  2.82104941e-02,\n",
       "         7.27088492e-02,  4.46859211e-02,  6.21006976e-02,\n",
       "         1.00000000e+00,  1.96104708e-03,  1.64819827e-02,\n",
       "         6.90318607e-02,  1.16573003e-01,  1.00008698e-01,\n",
       "         3.10358952e-03, -2.19493479e-02,  3.07202601e-02,\n",
       "        -1.76017104e-02,  6.58714509e-02,  4.36617699e-02],\n",
       "       [ 2.97956951e-02,  1.73062475e-02,  3.71787630e-02,\n",
       "        -3.98680096e-02,  5.12649237e-02,  5.36050840e-02,\n",
       "         8.31149670e-03,  6.56048732e-02,  4.34218862e-02,\n",
       "         1.96104708e-03,  1.00000000e+00, -4.06555118e-02,\n",
       "         1.89999109e-02,  4.00457447e-02,  6.41441183e-02,\n",
       "         5.18954944e-02, -1.10104655e-03,  1.23679602e-02,\n",
       "         9.03975841e-03,  7.66158953e-02,  1.97636165e-02],\n",
       "       [-5.00018494e-02, -3.85408889e-02,  9.09645557e-03,\n",
       "        -1.37184667e-02,  2.16533313e-02, -5.72559024e-02,\n",
       "         3.37070607e-02,  7.17005823e-02, -1.89371769e-02,\n",
       "         1.64819827e-02, -4.06555118e-02,  1.00000000e+00,\n",
       "        -1.90611915e-02,  5.22389920e-02, -1.66835979e-02,\n",
       "         2.05271493e-02, -4.95128237e-02,  9.78697822e-04,\n",
       "         1.12680753e-02,  1.14181661e-01,  2.57451005e-02],\n",
       "       [ 5.39983077e-02,  3.76745733e-02,  5.12008416e-02,\n",
       "         1.82912069e-02,  3.71493069e-02,  3.34255465e-02,\n",
       "         4.32725233e-02,  5.28055124e-02,  9.18434830e-02,\n",
       "         6.90318607e-02,  1.89999109e-02, -1.90611915e-02,\n",
       "         1.00000000e+00,  1.50012449e-01,  9.63722360e-02,\n",
       "         2.40902128e-02,  4.51992336e-02,  5.67281742e-02,\n",
       "         3.60042124e-02,  5.40008903e-02,  3.64803085e-02],\n",
       "       [ 3.77069948e-02, -3.42710444e-02,  5.41087855e-02,\n",
       "         1.25534202e-01,  1.28578732e-01, -2.31919768e-02,\n",
       "         1.51639466e-01,  1.43976857e-01,  1.26265854e-01,\n",
       "         1.16573003e-01,  4.00457447e-02,  5.22389920e-02,\n",
       "         1.50012449e-01,  1.00000000e+00,  1.57180635e-01,\n",
       "         6.40420473e-02,  1.26663431e-03,  9.08108413e-02,\n",
       "         1.65343099e-02,  2.36696596e-01,  4.06158838e-01],\n",
       "       [ 4.73690821e-02,  6.91384462e-03,  2.46952036e-02,\n",
       "         1.04285439e-01,  4.46937047e-02,  4.11880199e-02,\n",
       "         9.18757576e-02,  1.29877350e-01,  2.18200089e-02,\n",
       "         1.00008698e-01,  6.41441183e-02, -1.66835979e-02,\n",
       "         9.63722360e-02,  1.57180635e-01,  1.00000000e+00,\n",
       "         3.08333680e-02, -8.60876539e-03,  6.18052047e-02,\n",
       "        -1.28282288e-02,  1.22238025e-01,  1.15286918e-01],\n",
       "       [-1.19951274e-02, -6.56447508e-03,  2.44473627e-02,\n",
       "         3.53833861e-02,  4.63557708e-02, -2.77167286e-02,\n",
       "         3.92996893e-02, -1.37979835e-02, -1.12425479e-02,\n",
       "         3.10358952e-03,  5.18954944e-02,  2.05271493e-02,\n",
       "         2.40902128e-02,  6.40420473e-02,  3.08333680e-02,\n",
       "         1.00000000e+00,  1.47925764e-02,  1.70716380e-02,\n",
       "        -6.53766790e-04,  8.56793488e-02,  5.88533274e-02],\n",
       "       [-1.11024687e-02,  3.39211913e-02, -1.53312614e-02,\n",
       "        -1.11423948e-02, -1.20835249e-02, -9.49633216e-03,\n",
       "         2.98653533e-02,  4.02322873e-02,  1.28034128e-02,\n",
       "        -2.19493479e-02, -1.10104655e-03, -4.95128237e-02,\n",
       "         4.51992336e-02,  1.26663431e-03, -8.60876539e-03,\n",
       "         1.47925764e-02,  1.00000000e+00,  4.64686773e-02,\n",
       "        -1.74041899e-02,  1.78221273e-02, -1.18436297e-02],\n",
       "       [ 3.51067264e-03,  2.29947893e-02,  1.03206047e-02,\n",
       "         2.94965563e-02,  6.15134655e-02,  3.59254859e-02,\n",
       "         3.21222749e-02,  1.30287949e-02,  3.35733421e-02,\n",
       "         3.07202601e-02,  1.23679602e-02,  9.78697822e-04,\n",
       "         5.67281742e-02,  9.08108413e-02,  6.18052047e-02,\n",
       "         1.70716380e-02,  4.64686773e-02,  1.00000000e+00,\n",
       "        -5.07040611e-02,  3.84018972e-02,  4.13422862e-02],\n",
       "       [-1.63178895e-02, -1.69583051e-02, -9.72419716e-03,\n",
       "        -7.57976795e-03, -1.09615915e-02, -2.63809688e-02,\n",
       "        -6.45934335e-02, -4.84552931e-03, -1.56660731e-02,\n",
       "        -1.76017104e-02,  9.03975841e-03,  1.12680753e-02,\n",
       "         3.60042124e-02,  1.65343099e-02, -1.28282288e-02,\n",
       "        -6.53766790e-04, -1.74041899e-02, -5.07040611e-02,\n",
       "         1.00000000e+00,  1.63540554e-02,  6.99810021e-03],\n",
       "       [-3.73300642e-02,  5.20341440e-02,  8.05036743e-02,\n",
       "         7.31082422e-02,  1.48836310e-01,  3.24919615e-02,\n",
       "         8.93499799e-02,  1.27595551e-01,  8.09296249e-02,\n",
       "         6.58714509e-02,  7.66158953e-02,  1.14181661e-01,\n",
       "         5.40008903e-02,  2.36696596e-01,  1.22238025e-01,\n",
       "         8.56793488e-02,  1.78221273e-02,  3.84018972e-02,\n",
       "         1.63540554e-02,  1.00000000e+00,  1.15810528e-01],\n",
       "       [-4.58347677e-02, -6.97106529e-02,  3.33210112e-02,\n",
       "         4.68190858e-02,  1.17072222e-02, -2.81814256e-02,\n",
       "         4.81401029e-02,  5.68528861e-02,  5.62380586e-02,\n",
       "         4.36617699e-02,  1.97636165e-02,  2.57451005e-02,\n",
       "         3.64803085e-02,  4.06158838e-01,  1.15286918e-01,\n",
       "         5.88533274e-02, -1.18436297e-02,  4.13422862e-02,\n",
       "         6.99810021e-03,  1.15810528e-01,  1.00000000e+00]])"
      ]
     },
     "execution_count": 125,
     "metadata": {},
     "output_type": "execute_result"
    }
   ],
   "source": [
    "corrs[2]"
   ]
  },
  {
   "attachments": {},
   "cell_type": "markdown",
   "metadata": {},
   "source": [
    "Displaying the correlations (adjacency matrix)\n"
   ]
  },
  {
   "cell_type": "code",
   "execution_count": 126,
   "metadata": {},
   "outputs": [
    {
     "name": "stderr",
     "output_type": "stream",
     "text": [
      "/tmp/ipykernel_10527/1764771094.py:3: RuntimeWarning: More than 20 figures have been opened. Figures created through the pyplot interface (`matplotlib.pyplot.figure`) are retained until explicitly closed and may consume too much memory. (To control this warning, see the rcParam `figure.max_open_warning`). Consider using `matplotlib.pyplot.close()`.\n",
      "  fig2 = plt.figure()\n"
     ]
    },
    {
     "data": {
